3 3 2
3
4 50 100 10 2 5
30
2 1 150 0
3 2 200 1 (2,25)
4 3 80 3 (5,30),(6,20),(20,10)
5 4 200 0 
7 5 180 0
10 6 100 2 (6,30),(30,5)
13 7 70 0 
15 8 70 0
15 9 88 0
18 10 99 1 (14,20)
20 11 66 0
21 12 170 0
22 13 160 5 (7,11),(15,16),(21,13),(29,6),(33,4)
23 14 190 0
25 15 8 0
27 16 55 0
28 17 34 0
29 18 34 0
30 19 200 0
31 20 80 0
31 21 99 0
33 22 166 1 (15,13)
36 23 185 0
39 24 75 0
40 25 75 0
43 26 200 4 (18,3),(23,8),(25,17),(29,10)
44 27 88 0
48 28 130 0
49 29 70 0
50 30 160 2 (31,15),(42,15)
25 10
36 17